1637222476.306497 21.648438 43.082924 530.652506 4431.114496

1637222476.521492 21.916406 42.806191 1100.000000 -770.255931

1637222476.708995 21.916406 64.671166 530.418993 5074.818759

1637222476.940929 21.931445 42.614074 1100.000000 -770.255931

1637222477.099862 21.921484 64.455264 581.487287 4382.097333

1637222477.273984 -128.073242 64.473621 530.397765 5075.117737

1637222477.392161 -80.525195 0.000000 575.266804 4463.775442

1637222477.584432 -128.073242 64.466278 530.440222 5074.519791

1637222477.702907 -128.073242 64.458936 530.482678 5073.921882

1637222477.825788 -79.232617 0.000000 1025.942610 -176.113804

1637222478.081392 21.906250 0.000000 577.747714 -175.781873

1637222478.274820 -138.412891 0.000000 1025.941471 3152.337895

1637222478.442583 -58.548047 100.000000 1025.934803 -176.193668

1637222478.623216 -77.940039 0.000000 1025.929360 -176.067189

1637222478.822827 -142.529297 40.244759 1025.943676 1912.437062

1637222479.156355 -16.284570 41.131999 604.365125 -176.109014

1637222479.368690 -41.171094 41.171712 1025.922480 5079.304433

1637222479.582490 -16.769727 40.775288 606.952336 -176.059694

1637222479.844501 -41.166992 40.577032 1025.948171 -176.059694

1637222480.057405 -48.203906 40.543042 1025.918790 4054.930702

1637222480.271363 -41.163672 40.271078 1100.000000 5079.005321

1637222480.483454 22.012500 40.242755 1025.906925 2028.686917

1637222480.715890 22.027539 0.000000 961.670053 -175.843752

1637222480.952552 21.992188 0.000000 599.217258 -175.754255

1637222481.140107 -17.724609 0.000000 1025.913366 -770.255931

1637222481.407442 22.012500 40.282417 1025.940791 3454.591703

1637222481.687268 -44.324609 40.548726 1025.905991 -176.149931

1637222482.004356 22.047852 41.205726 1100.000000 -770.255931

1637222482.217873 22.052930 41.251051 1025.922572 -770.255931

1637222482.430637 22.047852 41.494476 529.973201 3973.129202

1637222482.645083 21.976953 0.000000 1100.000000 -175.529824

1637222482.912973 -128.073242 64.667480 530.440222 5074.519791

1637222483.067424 21.936523 41.012950 1100.000000 -770.255931

1637222483.257826 21.951758 41.092276 1100.000000 -770.255931

1637222483.473509 21.987109 0.000000 530.206711 5077.808970

1637222483.666402 21.976953 0.000000 1100.000000 -175.888430

1637222483.918675 21.946680 0.000000 591.563078 4251.285793

1637222484.151491 -128.073242 64.514003 530.164254 5078.407126

1637222484.269489 -142.529297 0.000000 1100.000000 700.377331

1637222484.463526 21.971875 40.763871 1100.000000 -770.255931

1637222484.583466 21.921484 40.610876 1100.000000 -770.255931

1637222484.756585 21.906250 40.605191 1100.000000 -770.255931

1637222484.918369 21.906250 64.652733 530.525135 5073.324011

1637222485.149858 -142.529297 0.000000 1100.000000 700.216477

1637222485.343996 21.961914 40.163391 1100.000000 -770.255931

1637222485.463735 21.906250 100.000000 691.495060 5207.035548

1637222485.762439 21.911328 39.987723 1100.000000 -770.255931

1637222485.923891 21.911328 64.656419 530.503907 5073.622942

1637222486.155456 -142.529297 0.000000 1100.000000 700.168524

1637222486.350563 21.961914 39.857376 1100.000000 -770.255931

1637222486.496191 21.926562 0.000000 1100.000000 700.501468

1637222486.796473 21.961914 39.919719 1100.000000 -770.255931

1637222486.916651 21.860742 39.636363 1100.000000 -770.255931

1637222487.144158 21.906250 39.698703 1100.000000 -770.255931

1637222487.330888 21.921484 64.455264 581.487287 4382.097333

1637222487.518325 -128.073242 64.473621 530.397765 5075.117737

1637222487.636275 21.891016 0.000000 574.029934 -175.779831

1637222487.851870 -143.351172 39.341606 1100.000000 699.796153

1637222487.970200 -142.488867 0.000000 1100.000000 699.956991

1637222488.088801 21.885938 0.000000 572.795466 -175.997440

1637222488.267260 21.885938 38.893648 1100.000000 -770.255931

1637222488.438802 21.896094 0.000000 1100.000000 700.224973

1637222488.737512 21.941602 39.279157 1100.000000 -770.255931

1637222488.856984 21.845508 0.000000 1025.897433 -770.255931

1637222489.085133 -74.061914 39.080720 1025.891589 -175.592582

1637222489.342260 -18.275391 39.182704 530.291624 4234.925204

1637222489.558174 21.956836 39.057964 1100.000000 -770.255931

1637222489.778682 21.956836 39.233769 1100.000000 -770.255931

1637222489.968082 21.966992 0.000000 1025.898733 -770.255931

1637222490.157045 21.956836 39.738329 1025.918784 -770.255931

1637222490.430769 22.007422 39.783669 1025.927431 5210.609996

1637222490.750510 -17.532617 40.163413 658.638795 -175.605055

1637222490.972492 -46.910938 100.000000 1025.909915 -175.784752

1637222491.191026 -17.466992 0.000000 1025.857597 4104.023055

1637222491.408696 -50.790234 39.675961 1025.910382 3392.837249

1637222491.736830 22.012500 39.534221 1025.904259 -175.697185

1637222491.948353 -17.558008 0.000000 1025.889643 4071.602864

1637222492.173609 21.997266 0.000000 1025.924666 -770.255931

1637222492.367676 -17.911719 39.443486 606.952137 -175.859948

1637222492.583557 22.012500 39.398135 1025.946676 -176.047351

1637222492.849935 -49.497070 0.000000 1025.888471 -175.566848

1637222493.068808 -18.027930 39.341427 924.057750 -175.524045

1637222493.228346 -18.184570 64.466278 1025.869124 -175.449917

1637222493.463815 21.966992 39.318811 1025.870154 3152.839560

1637222493.618515 21.941602 0.000000 586.506399 -175.820843

1637222493.801694 21.936523 64.667480 530.440222 384.031607

1637222494.102370 21.941602 0.000000 1025.894898 -770.255931

1637222494.290919 -41.198242 38.706403 1025.881207 -770.255931

1637222494.563586 21.956836 38.774351 1025.892852 -770.255931

1637222494.886857 21.971875 38.904736 1025.889405 -175.374806

1637222495.164027 -63.719727 100.000000 1025.847921 -175.570702

1637222495.410813 -66.305469 100.000000 679.544195 -175.680188

1637222495.639946 -142.529297 0.000000 1100.000000 699.872324

1637222495.831598 21.901172 38.842566 1100.000000 -770.255931

1637222495.951546 21.875977 0.000000 1100.000000 -770.255931

1637222496.188132 21.885938 0.000000 1100.000000 700.320880

1637222496.488314 21.926562 38.882206 1100.000000 -770.255931

1637222496.608069 21.840625 64.396522 561.795082 4643.147325

1637222496.785550 -128.073242 64.429565 530.652506 5071.530628

1637222496.903760 21.835547 0.000000 570.333756 4529.058857

1637222497.134746 21.860742 0.000000 572.795466 -175.722769

1637222497.388257 -143.350586 39.517315 924.182105 -175.824535

1637222497.506907 21.901172 64.440579 576.506066 4447.446449

1637222497.693294 21.926562 0.000000 530.567592 -175.500378

1637222497.948457 -126.781250 39.539994 1025.880173 700.129067

1637222498.129019 -72.769336 4.401606 1025.874063 -175.673337

1637222498.307227 -126.781250 39.069440 924.204399 -175.394658

1637222498.547318 -18.371484 64.425894 1025.908282 -175.610554

1637222498.752067 -76.647266 38.819852 1025.887332 -175.626860

1637222499.000180 21.926562 64.458936 1025.898965 4316.707980

1637222499.219781 -62.426758 39.148686 1025.885940 -175.603014

1637222499.451174 21.946680 0.000000 1025.897005 4300.355276

1637222499.711365 21.921484 0.000000 1025.872567 -770.255931

1637222499.894940 -18.578516 38.649585 1025.874772 -175.453750

1637222500.106885 21.956836 0.000000 590.295502 -175.549783

1637222500.285505 -138.412891 0.000000 1100.000000 385.186482

1637222500.462052 21.931445 38.609902 1025.828579 386.172012

1637222500.579098 -41.190039 38.689341 1025.880975 -770.255931

1637222500.795552 21.956836 38.564433 1025.879724 -175.733330

1637222500.993671 21.946680 33.904994 681.411282 5206.142150

1637222501.247942 21.946680 62.767406 563.007473 4626.862945

1637222501.441858 21.855664 0.000000 575.266804 4463.775442

1637222501.745362 21.891016 38.700774 530.567592 2117.131513

1637222501.973518 21.885938 38.774541 1100.000000 -770.255931

1637222502.158555 21.891016 0.000000 1100.000000 -175.245376

1637222502.446797 -75.354687 0.000000 580.238332 4398.439787

1637222502.580218 -18.715039 38.570519 1025.891416 -770.255931

1637222502.772407 21.865820 38.615652 1025.874989 -770.255931

1637222503.003100 -18.704883 38.575876 1025.844919 2117.414188

1637222503.223159 21.921484 38.473748 686.639589 5073.622942

1637222503.454547 21.926562 0.000000 530.610049 -175.373766

1637222503.604324 21.906250 38.553246 1100.000000 -770.255931

1637222503.724814 21.850586 0.000000 775.855120 -770.255931

1637222503.957818 21.865820 0.000000 1100.000000 700.140300

1637222504.258339 21.891016 38.661080 1100.000000 -770.255931

1637222504.377742 21.800000 38.241520 1100.000000 -770.255931

1637222504.571236 21.825391 0.000000 1025.882777 -770.255931

1637222504.746131 21.855664 38.343460 1100.000000 -770.255931

1637222505.014446 21.870898 64.418551 570.333756 4529.058857

1637222505.202468 -128.073242 64.429565 530.652506 5071.530628

1637222505.320976 -75.356641 0.000000 1100.000000 389.230881

1637222505.514119 -75.356641 0.000000 1100.000000 388.482597

1637222505.632561 -142.488867 0.000000 1100.000000 699.547924

1637222505.750820 21.830469 38.332241 1100.000000 -770.255931

1637222505.870052 21.800000 64.367150 552.185362 4773.238124

1637222506.048122 -128.073242 64.392851 530.864791 5068.542417

1637222506.166413 -103.789258 0.000000 553.377736 4756.997309

1637222506.359789 -96.035156 0.000000 560.585152 4659.427038

1637222506.478373 -128.073242 64.392851 530.864791 5068.542417

1637222506.596648 -75.356641 0.000000 1100.000000 380.566353

1637222506.790670 -142.488867 0.000000 1100.000000 699.412584

1637222506.909321 21.835547 38.848401 1100.000000 -770.255931

1637222507.029071 21.795117 39.137661 1100.000000 -770.255931

1637222507.201223 21.790039 0.000000 1025.901981 -770.255931

1637222507.362192 21.845508 39.284958 1025.893170 -770.255931

1637222507.576344 21.870898 39.313274 1100.000000 -770.255931

1637222507.846457 21.865820 64.414880 567.881727 4561.678999

1637222508.036029 -128.073242 64.433237 530.631277 5071.829501

1637222508.153909 21.840625 0.000000 1100.000000 -175.444927

1637222508.410761 -88.280664 0.000000 567.881727 4561.678999

1637222508.537503 -128.073242 64.367150 531.013391 5066.451236

1637222508.655445 -142.529297 0.000000 1100.000000 698.899200

1637222508.849748 21.825391 39.885737 1100.000000 -770.255931

1637222508.969412 21.825391 39.976386 1100.000000 -770.255931

1637222509.144966 21.795117 40.112336 1100.000000 -770.255931

1637222509.304264 21.805078 64.370822 553.377736 4756.997309

1637222509.480424 -128.073242 64.385508 530.907248 5067.944890

1637222509.598870 -142.529297 0.000000 1100.000000 699.003571

1637222509.792340 21.835547 39.744118 1100.000000 -770.255931

1637222509.955524 21.805078 39.602427 1100.000000 -770.255931

1637222510.125755 21.795117 64.363479 550.995488 4789.473218

1637222510.290837 -128.073242 64.374493 530.970934 5067.048669

1637222510.416397 21.779883 0.000000 1025.912149 -175.785167

1637222510.713100 -138.412891 39.097871 1025.914134 3147.068166

1637222510.912255 -86.988086 0.000000 569.106528 1334.211977

1637222511.090703 21.754687 0.000000 545.083765 -175.557826

1637222511.345230 -143.352734 38.723743 1100.000000 699.023294

1637222511.462422 21.835547 38.910781 1100.000000 -770.255931

1637222511.586863 21.795117 0.000000 1100.000000 699.443540

1637222511.884486 21.830469 38.831401 1100.000000 -770.255931

1637222512.005005 21.754687 0.000000 1025.922904 -770.255931

1637222512.178096 21.815234 39.018541 558.172697 4691.971924

1637222512.390894 -128.073242 64.396522 530.843562 5068.841196

1637222512.508826 -142.529297 0.000000 682.621070 -175.690751

1637222512.705338 21.805078 0.000000 960.234939 -175.735686

1637222512.940325 21.855664 39.001455 566.659547 -175.475358

1637222513.157085 21.875977 38.893672 1025.842141 -175.269940

1637222513.464531 21.881055 0.000000 574.029744 -175.361408

1637222513.691467 -18.482617 0.000000 1025.873242 5070.634065

1637222513.919149 21.860742 38.791624 1100.000000 766.776280

1637222514.108228 -41.195898 38.876658 1025.870499 -175.418470

1637222514.367001 -138.412891 38.729164 1025.873724 -770.255931

1637222514.697036 -41.187695 38.655378 1025.857941 -175.314795

1637222514.931824 21.881055 38.734864 1025.885338 -770.255931

1637222515.137388 21.881055 38.434221 1025.871745 -770.255931

1637222515.347957 21.870898 38.349115 530.716191 4545.370845

1637222515.553289 21.835547 38.065535 1100.000000 -770.255931

1637222515.726301 21.795117 38.162166 1100.000000 -770.255931

1637222515.884867 21.790039 38.162186 1100.000000 -770.255931

1637222516.059874 21.774805 0.000000 1025.930307 -770.255931

1637222516.217725 21.820312 38.034186 1025.892685 -770.255931

1637222516.517371 21.870898 38.178905 1025.861609 -770.255931

1637222516.730596 -19.139453 38.042618 1025.881097 -770.255931

1637222516.943366 21.870898 38.020003 530.737420 4561.678999

1637222517.145679 21.820312 38.071274 1100.000000 -770.255931

1637222517.322269 21.779883 0.000000 1025.912803 -770.255931

1637222517.479948 21.805078 37.900952 720.266496 5053.025928

1637222517.819230 21.835547 37.912327 1100.000000 3146.063438

1637222518.015062 21.800000 37.736523 1025.901200 -175.671930

1637222518.192798 21.810156 32.090561 1025.888648 -175.831745

1637222518.355179 -110.250195 0.000000 1025.875837 -175.541673

1637222518.570793 -19.240430 37.980499 1025.912607 -175.766103

1637222518.687089 21.774805 0.000000 916.764940 -770.255931

1637222518.922848 21.774805 64.560560 1025.862474 -770.255931

1637222519.204195 21.784961 37.799030 1025.893571 -175.623211

1637222519.387844 -105.081445 37.798933 924.289180 -175.703374

1637222519.577282 -138.412891 0.000000 1025.881967 699.195332

1637222519.753195 21.825391 62.721288 547.440909 4838.142916

1637222519.948905 -142.488867 37.811396 1025.883434 3143.556104

1637222520.149201 21.805078 0.000000 526.595189 -175.708787

1637222520.365052 21.779883 0.000000 1100.000000 698.935909

1637222520.526476 21.810156 37.861341 1100.000000 -770.255931

1637222520.646045 21.744531 37.821925 1100.000000 -770.255931

1637222520.822309 21.724219 64.312075 534.603017 5016.079529

1637222520.982165 21.744531 0.000000 1100.000000 4951.477072

1637222521.111648 -128.073242 64.319419 531.289364 5062.568850

1637222521.229826 -142.529297 0.000000 1100.000000 700.185516

1637222521.424076 22.062891 43.378088 1100.000000 -770.255931

1637222521.543804 22.386523 64.792971 704.993006 2890.782356

1637222521.721123 -128.073242 64.910409 527.871675 5110.764369

1637222521.839149 161.526563 0.000000 831.272539 1570.841095

1637222522.032813 -128.073242 65.207621 526.152329 5135.105822

1637222522.150918 23.048633 0.000000 536.023379 -176.245653

1637222522.367832 -126.781250 53.392334 1025.957392 -176.329921

1637222522.702534 -143.294141 55.620034 1100.000000 708.030031

1637222522.820144 22.765625 55.170012 916.858883 -770.255931

1637222522.941525 22.543164 64.906740 748.991082 2410.616757

1637222523.117301 -128.073242 64.895730 527.956583 5109.563959

1637222523.235473 38.475586 100.000000 1100.000000 704.083305

1637222523.498544 22.376367 53.106353 1100.000000 -770.255931

1637222523.617912 22.280273 52.778322 1100.000000 3209.441371

1637222523.835987 -128.073242 64.719565 528.975493 5095.171016

1637222523.955432 -4.227734 0.000000 652.189495 3500.194374

1637222524.149631 -128.073242 64.686531 529.166542 5092.474798

1637222524.268033 -8.108984 0.000000 648.109878 3548.920770

1637222524.461773 -128.073242 64.657166 529.336363 5090.078810

1637222524.579898 22.138867 51.248341 1100.000000 5071.878762

1637222524.798555 -21.044727 0.000000 634.627640 3711.737602

1637222524.993169 -11.989844 0.000000 644.046190 3597.704435

1637222525.117581 -128.073242 64.620460 529.548641 5087.084685

1637222525.235695 22.088281 50.151959 1100.000000 -770.255931

1637222525.403697 22.088281 0.000000 1025.920837 -770.255931

1637222525.632804 22.164062 49.299502 1100.000000 -770.255931

1637222525.907664 22.148828 48.590070 1100.000000 -770.255931

1637222526.095704 22.138867 0.000000 1100.000000 702.076114

1637222526.395641 22.153906 47.565559 1100.000000 -770.255931

1637222526.515033 22.052930 46.707765 1100.000000 -770.255931

1637222526.709572 22.073047 64.565397 620.017747 3891.365471

1637222526.888433 -36.565430 0.000000 618.701611 701.666839

1637222527.147105 22.088281 45.512767 969.365370 -175.689455

1637222527.265672 22.052930 45.146008 1100.000000 -770.255931

1637222527.531387 22.093359 0.000000 1100.000000 702.087351

1637222527.831947 -142.488867 0.000000 1100.000000 702.087351

1637222527.950809 22.042773 44.581066 1100.000000 -770.255931

1637222528.070249 22.022461 44.197105 1100.000000 -770.255931

1637222528.282124 22.042773 0.000000 1100.000000 701.734544

1637222528.579966 22.093359 44.683214 1100.000000 -770.255931

1637222528.699471 22.017383 45.642066 656.399581 -176.005320

1637222528.934802 -41.139453 45.778479 635.967401 -176.166796

1637222529.154062 -128.073242 45.835282 1025.938897 -175.983140

1637222529.372103 22.169141 45.993353 1025.943610 -770.255931

1637222529.711246 22.189258 0.000000 1025.918375 -175.813716

1637222529.978234 -41.115039 46.484317 1025.928510 -175.565369

1637222530.249557 22.179297 46.196455 1100.000000 -770.255931

1637222530.471553 22.153906 46.528829 1025.928762 -770.255931

1637222530.686431 22.174219 63.001515 1025.928289 -175.667225

1637222530.937297 -41.130664 64.624130 1025.918390 3944.578151

1637222531.153791 -75.356641 44.744413 1025.934493 3532.673935

1637222531.419968 -13.025391 44.853509 1025.913986 -770.255931

1637222531.632691 22.179297 44.305771 1025.907071 5088.881045

1637222531.883641 22.169141 0.000000 1100.000000 702.564385

1637222532.219098 22.174219 0.000000 646.753430 -175.784758

1637222532.398198 -36.565430 0.000000 636.998329 3793.334713

1637222532.636473 -27.512109 0.000000 627.956844 -175.854163

1637222532.817106 22.052930 44.118132 1025.862080 -175.348963

1637222532.983486 22.093359 62.958954 1025.906773 701.923693

1637222533.166296 22.128711 62.941219 1025.892717 -770.255931

1637222533.420402 22.067969 44.761979 1025.892163 -770.255931

1637222533.575742 -41.129102 44.909466 1025.899151 -770.255931

1637222533.836900 22.133789 0.000000 1025.904101 -770.255931

1637222534.036560 -138.412891 44.683905 1025.895917 2770.112270

1637222534.285422 22.174219 0.000000 1025.896699 -770.255931

1637222534.499350 -9.402734 44.492061 1025.902122 -175.746985

1637222534.701359 22.164062 0.000000 1025.904324 -175.907880

1637222534.909950 -41.118359 43.944063 1025.898664 3565.177023

1637222535.122992 22.179297 0.000000 923.904788 -175.461551

1637222535.353637 -15.870703 0.000000 1025.891441 -175.459020

1637222535.542023 -143.337500 43.474718 1100.000000 702.076114

1637222535.659273 22.153906 43.305291 1100.000000 -770.255931

1637222535.778651 22.093359 43.361364 1100.000000 -770.255931

1637222535.952691 22.067969 43.513842 1025.902064 -175.679065

1637222536.169665 22.128711 0.000000 1025.898119 -175.746391

1637222536.411951 -15.870898 100.000000 1025.901576 -175.738581

1637222536.660203 -18.457812 82.285143 616.860879 3679.131881

1637222536.885792 -128.073242 64.613118 529.591097 5086.485975

1637222537.003868 -15.511523 0.000000 1025.924058 -770.255931

1637222537.380107 -41.119531 42.140135 1025.947777 -770.255931

1637222537.661289 22.169141 41.942121 529.463730 3581.439984

1637222537.877710 22.128711 42.026836 1100.000000 -770.255931

1637222538.104344 22.123633 42.224865 1100.000000 -770.255931

1637222538.291269 22.123633 0.000000 1100.000000 -175.614049

1637222538.589299 22.158984 42.440049 1100.000000 -770.255931

1637222538.711388 22.052930 42.790192 1100.000000 -770.255931

1637222538.922737 22.067969 43.333141 627.674169 3744.365268

1637222539.221552 22.133789 43.604751 529.591097 3679.131881

1637222539.423326 -128.073242 64.624130 529.527413 5087.384055

1637222539.541580 -142.529297 0.000000 1100.000000 3159.372695

1637222539.734807 -14.339258 0.000000 630.619335 -175.656964

1637222539.994123 -23.631836 62.476873 1025.898130 -175.695878

1637222540.183917 22.128711 0.000000 1100.000000 702.039377

1637222540.357252 22.148828 0.000000 1100.000000 323.888942

1637222540.548535 -142.488867 0.000000 1100.000000 702.124088

1637222540.666913 22.133789 43.802496 1100.000000 -770.255931

1637222540.786272 22.088281 0.000000 1025.944806 -770.255931

1637222540.958720 22.118555 43.644228 1100.000000 -770.255931

1637222541.227696 22.133789 0.000000 1100.000000 702.287753

1637222541.527223 22.164062 0.000000 620.017747 -175.764636

1637222541.782922 -15.107227 0.000000 1025.902058 -175.805502

1637222541.979101 -142.488867 0.000000 923.960070 -175.811990

1637222542.158798 -15.496289 64.598435 1025.926573 -175.881394

1637222542.378679 22.158984 0.000000 608.659655 -175.389618

1637222542.619211 -9.402734 0.000000 646.753430 3565.177023

1637222542.746056 -128.073242 64.576410 529.803376 5083.492998

1637222542.864001 22.083203 42.320732 1100.000000 -770.255931

1637222543.014313 22.093359 0.000000 1100.000000 702.059114

1637222543.314677 22.138867 42.541765 1100.000000 -770.255931

1637222543.436203 22.052930 0.000000 1025.891462 -770.255931

1637222543.608281 22.113477 43.384203 1025.898915 3935.276198

1637222543.874693 -9.402734 53.557829 1025.871005 -175.504367

1637222544.106835 -13.283594 89.891294 609.405151 3532.673935

1637222544.338137 -128.073242 64.646154 529.400046 5089.180472

1637222544.456301 22.093359 44.073319 1100.000000 -770.255931

1637222544.646631 22.103320 0.000000 1100.000000 -175.642591

1637222544.948156 -142.488867 0.000000 1100.000000 702.344231

1637222545.067463 22.088281 44.942830 1100.000000 -770.255931

1637222545.186707 22.078125 0.000000 1025.927991 -770.255931

1637222545.359363 22.128711 45.236951 529.569869 3662.835556

1637222545.559229 22.133789 45.490762 1100.000000 -175.583663

1637222545.757216 22.169141 45.519785 1025.910985 -770.255931

1637222546.022082 22.214648 45.841652 529.251452 3419.140305

1637222546.251431 22.153906 0.000000 1100.000000 702.468427

1637222546.523406 22.199414 46.258768 1100.000000 -770.255931

1637222546.642978 22.143750 46.771290 1100.000000 -770.255931

1637222546.870340 22.164062 47.222351 1025.915714 -770.255931

1637222547.072007 22.219727 47.459557 1100.000000 3165.159174

1637222547.296523 22.194336 47.932315 1100.000000 -770.255931

1637222547.476611 22.199414 64.653496 652.189286 3500.196872

1637222547.673905 22.224805 0.000000 660.606147 -175.891510

1637222547.889437 22.194336 0.000000 650.827720 -175.679392

1637222548.074349 -9.129297 64.649825 1025.914205 3467.750047

1637222548.296505 -41.100000 49.891098 1025.953234 -176.101490

1637222548.518675 22.265234 63.058262 1025.922888 -175.936615

1637222548.822262 -142.488867 50.609740 1025.929764 702.736569

1637222548.963649 3.534766 0.000000 1025.929527 5091.276727

1637222549.188788 -128.073242 50.414159 1025.917403 3354.442025

1637222549.404928 -41.095312 49.666534 1025.908282 -770.255931

1637222549.628997 22.255078 48.648398 1025.894451 -175.616214

1637222549.885625 -75.356641 47.256912 1025.877162 3322.150519

1637222550.101657 22.250000 47.291281 1025.921875 -175.701852

1637222550.349614 -128.073242 46.715913 1025.907030 3354.444511

1637222550.578996 -138.412891 46.265259 923.820608 -175.655092

1637222550.879562 -143.326758 46.349354 1100.000000 703.185433

1637222550.998323 22.244922 46.056353 1100.000000 -770.255931

1637222551.117639 22.184375 45.756569 1100.000000 -770.255931

1637222551.290186 22.153906 45.423545 596.360991 3516.431731

1637222551.588863 22.199414 44.769032 1025.898884 4208.739610

1637222551.834746 22.239844 44.351501 1100.000000 -770.255931

1637222552.055674 22.224805 0.000000 1100.000000 703.089460

1637222552.355983 22.234766 44.063310 1100.000000 -770.255931

1637222552.495166 22.169141 44.062759 597.851536 3565.177023

1637222552.713168 22.204492 100.000000 657.651853 3435.337688

1637222552.941219 22.199414 44.452981 585.556217 5075.773749

1637222553.242294 22.224805 0.000000 1100.000000 3166.167304

1637222553.491891 22.204492 0.000000 1025.909019 -770.255931

1637222553.656407 22.234766 44.560449 1100.000000 -770.255931

1637222553.923710 22.229688 64.884974 529.187769 5092.175266

1637222554.154581 -142.529297 0.000000 1100.000000 702.756309

1637222554.348640 22.250000 44.413740 1100.000000 -770.255931

1637222554.467827 22.189258 0.000000 1100.000000 702.832534

1637222554.768279 22.224805 43.916300 1100.000000 -770.255931

1637222554.888068 22.133789 0.000000 1100.000000 -175.512049

1637222555.193183 -19.751367 0.000000 1025.902608 -175.665269

1637222555.442522 22.179297 43.260249 1100.000000 -770.255931

1637222555.609199 22.189258 0.000000 1025.925290 -770.255931

1637222555.789123 22.239844 42.755579 1025.911501 3306.018415

1637222556.059150 22.239844 0.000000 1100.000000 703.222181

1637222556.358506 22.255078 43.255147 1100.000000 4470.535624

1637222556.480362 22.143750 0.000000 1025.877612 -770.255931

1637222556.649623 22.194336 43.011661 1025.882849 -175.520435

1637222556.867951 22.234766 63.051169 1025.916927 -175.952858

1637222557.114280 -143.337891 43.170251 1100.000000 703.041475

1637222557.231784 22.260156 43.238220 1100.000000 -770.255931

1637222557.351494 22.184375 0.000000 1025.905105 -770.255931

1637222557.524071 22.224805 43.758141 1100.000000 -770.255931

1637222557.791840 22.229688 43.707229 1100.000000 -770.255931

1637222557.979456 22.224805 0.000000 1025.920861 -770.255931

1637222558.207763 12.591992 43.373930 1025.910785 -175.751062

1637222558.468772 22.275195 0.000000 1025.914692 -175.713923

1637222558.676477 22.280273 63.072448 528.996721 -175.571184

1637222558.920450 11.298047 46.821955 578.106361 -175.808155

1637222559.151169 22.270312 64.627801 529.506186 -175.585369

1637222559.366798 22.189258 0.000000 653.552522 -175.966626

1637222559.555825 22.204492 0.000000 659.021793 3419.140305

1637222559.722469 -128.073242 64.682860 529.187769 5092.175266

1637222559.840884 -142.529297 0.000000 1100.000000 702.640607

1637222560.035848 22.229688 42.576229 1100.000000 -770.255931

1637222560.155195 22.184375 64.646154 649.467841 3533.611941

1637222560.337044 22.199414 62.994422 645.398723 3581.439984

1637222560.528891 22.184375 64.646154 1025.900613 -175.659231

1637222560.786944 22.194336 0.000000 1025.906036 -175.711856

1637222560.991637 22.179297 41.851598 1025.912257 -770.255931

1637222561.154960 22.214648 63.040529 1025.907030 -175.548787

1637222561.414839 22.234766 0.000000 663.140565 -175.404086

1637222561.594362 22.199414 35.780940 1025.899662 -175.795357

1637222561.813283 7.416211 0.000000 648.109669 3548.923271

1637222561.965648 22.179297 63.015702 796.134778 -770.255931

1637222562.196179 22.224805 63.022796 656.283929 3451.538515

1637222562.389985 22.229688 0.000000 652.189286 3500.196872

1637222562.537199 22.194336 35.577495 657.651853 3435.337688

1637222562.767496 22.199414 64.657166 653.552522 -175.685812

1637222562.989521 22.219727 0.000000 1025.894475 -770.255931

1637222563.184190 22.244922 63.058262 1025.916450 -175.610300

1637222563.448382 22.255078 63.051169 529.124086 -175.487755

1637222563.680605 22.270312 0.000000 529.378819 -175.616414

1637222563.896501 -16.991992 40.605598 1025.892984 -175.604106

1637222564.126509 22.239844 0.000000 1100.000000 -175.561091

1637222564.432902 -142.488867 0.000000 923.812125 -175.418359

1637222564.552851 22.164062 64.631472 644.045982 2064.129053

1637222564.775098 22.189258 0.000000 634.627434 3711.740112

1637222564.969074 -75.356641 40.054268 1025.893952 702.411947

1637222565.163640 22.174219 40.322193 1025.914223 -770.255931

1637222565.341252 22.209570 64.660837 654.917409 3467.750047

1637222565.545567 22.184375 0.000000 916.776101 -770.255931

1637222565.740851 22.189258 64.649825 1025.920103 368.553438

1637222565.917934 22.209570 40.316552 1025.903357 -770.255931

1637222566.141168 -17.406250 40.367601 1025.894212 -175.502028

1637222566.412801 22.260156 39.479363 1025.909056 5078.171468

1637222566.737424 22.280273 40.276908 1025.878862 -175.487516

1637222566.959459 22.280273 63.079541 1025.865030 -175.769043

1637222567.287921 -17.083008 64.679190 1025.896657 -175.591606

1637222567.495682 22.244922 0.000000 670.035943 -175.740732

1637222567.741361 -16.926367 0.000000 663.140565 -175.516301

1637222567.929588 22.224805 0.000000 1100.000000 367.808049

1637222568.095881 -142.488867 0.000000 665.894310 -175.728629

1637222568.274854 -138.412891 0.000000 923.861128 -175.452999

1637222568.451729 22.189258 40.373217 1025.871699 -770.255931

1637222568.628463 22.224805 40.208853 1025.880620 -175.502028

1637222568.891844 22.250000 40.214531 1025.892245 -175.660778

1637222569.111419 22.280273 63.061808 1025.907327 -175.565505

1637222569.351938 8.710156 40.101128 1025.910011 3322.150519

1637222569.570160 -41.080078 39.896979 1025.908494 3241.592163

1637222569.784393 22.270312 0.000000 1025.905598 3273.785136

1637222570.010511 -128.073242 39.874288 1025.901578 3241.592163

1637222570.226968 22.270312 39.908318 528.996721 3225.511067

1637222570.449360 22.234766 40.248534 923.827198 -175.409994

1637222570.662239 22.189258 0.000000 1100.000000 703.032972

1637222570.961115 22.224805 40.220185 1100.000000 -770.255931

1637222571.080599 22.128711 0.000000 1100.000000 -175.526321

1637222571.376578 22.194336 40.577256 962.098702 -175.526321

1637222571.497133 22.169141 40.939876 530.478845 5090.378275

1637222571.764696 22.204492 69.119565 1100.000000 -175.634613

1637222572.003680 22.199414 64.657166 653.552522 3483.969572

1637222572.184214 22.209570 41.274148 1025.877376 3646.547201

1637222572.333404 22.169141 64.635142 645.398723 3565.177023

1637222572.520152 22.204492 0.000000 646.753430 -175.281731

1637222572.736192 -138.412891 0.000000 1100.000000 355.984207

1637222572.913350 22.209570 64.929205 1100.000000 -175.528282

1637222573.108193 22.174219 64.638813 529.442502 -175.406423

1637222573.353561 22.123633 22.931905 1100.000000 702.372470

1637222573.532740 -14.577344 0.000000 1025.852716 -175.503786

1637222573.752988 22.174219 40.511775 1025.849786 -175.495816

1637222573.955100 22.204492 45.378765 1025.874443 -175.602141

1637222574.131236 -17.022266 35.803089 1025.868004 -175.406255

1637222574.368883 -41.104687 40.752983 661.766169 -175.766812

1637222574.676307 22.234766 0.000000 1025.886284 -175.436572

1637222574.927085 22.219727 0.000000 1025.895405 -770.255931

1637222575.182423 -16.805078 40.838018 1025.866550 5093.373451

1637222575.389971 -41.087891 40.900369 1025.891767 4559.419793

1637222575.656834 -41.083203 40.889065 1025.893496 -175.608326

1637222575.872003 -128.073242 41.081715 1025.909295 5093.972601

1637222576.105376 -41.089258 41.008048 529.039176 3257.681946

1637222576.327132 22.244922 40.622655 1100.000000 -770.255931

1637222576.519969 22.209570 41.251492 1025.919154 -770.255931

1637222576.697987 22.239844 41.262905 1025.886284 3354.444511

1637222576.970659 22.244922 41.268597 667.273407 -175.844582

1637222577.177136 -41.088672 41.353576 1025.923604 -770.255931

1637222577.393908 -138.412891 41.342233 1025.893974 3289.896544

1637222577.655808 -138.412891 41.529133 1025.921636 3289.896544

1637222577.945541 22.204492 41.387421 1025.901866 -770.255931

1637222578.171314 -138.412891 41.308175 1025.875220 -770.255931

1637222578.498100 22.219727 0.000000 529.272680 5090.977233

1637222578.698320 22.199414 0.000000 1025.926544 -175.881158

1637222578.873857 -41.098047 41.217548 1025.899424 -770.255931

1637222579.090358 22.229688 41.325241 1025.923604 -175.716125

1637222579.363236 22.234766 64.682860 1025.889980 3370.605944

1637222579.583074 22.250000 63.051169 519.868273 -175.599970

1637222579.894359 22.184375 0.000000 649.467841 -175.367365

1637222580.072624 -10.696484 0.000000 1025.877683 -175.467271

1637222580.283005 -0.346680 72.425935 1025.894951 -175.673504

1637222580.529974 -2.934180 77.914366 1025.897155 -175.632650

1637222580.714218 22.164062 0.000000 644.045982 -175.532910

1637222580.878135 -16.441211 64.620460 1025.873208 -770.255931

1637222581.094238 -16.421094 41.143819 923.878092 -175.648886

1637222581.251789 -143.344336 41.274018 1100.000000 702.315992

1637222581.370087 22.179297 41.285389 1100.000000 -770.255931

1637222581.489341 22.133789 0.000000 1100.000000 -175.479740

1637222581.790394 22.118555 100.000000 619.097870 5071.579215

1637222582.033450 -21.044922 0.000000 1025.861359 -175.440838

1637222582.288096 -13.283594 0.000000 598.224181 3516.431731

1637222582.520668 -128.073242 64.649825 529.378819 5089.479908

1637222582.638494 -142.529297 0.000000 1100.000000 702.107088

1637222582.832509 22.153906 41.653362 1100.000000 -770.255931

1637222582.954252 22.113477 41.670194 1100.000000 -770.255931

1637222583.129589 22.108398 64.591093 629.287013 3777.008269

1637222583.292018 -19.751367 0.000000 635.967401 3695.433467

1637222583.410973 -128.073242 64.605777 529.633553 5085.887303

1637222583.529251 -142.529297 0.000000 1100.000000 702.067614

1637222583.723986 22.148828 41.732599 1100.000000 -770.255931

1637222583.843384 22.118555 0.000000 1100.000000 702.468427

1637222584.143012 22.169141 41.902499 1100.000000 -770.255931

1637222584.262278 22.088281 0.000000 1025.918879 -770.255931

1637222584.434991 22.143750 41.942010 604.559678 3500.196872

1637222584.774004 22.189258 42.078073 652.189286 -175.683312

1637222584.966323 -0.346680 0.000000 1025.894951 -175.914169

1637222585.193736 -126.781250 41.800711 923.887520 -175.707936

1637222585.421158 -6.815430 100.000000 602.696191 3500.196872

1637222585.662427 -128.073242 64.653496 529.357591 5089.779354

1637222585.780777 -142.529297 0.000000 1100.000000 701.906694

1637222585.975542 22.148828 41.540112 1100.000000 -770.255931

1637222586.094856 22.123633 41.370167 1100.000000 -770.255931

1637222586.267397 22.108398 64.591093 629.287013 3777.008269

1637222586.429486 -75.356641 0.000000 1100.000000 702.028140

1637222586.611013 22.113477 41.086878 916.780752 -770.255931

1637222586.799629 22.103320 40.973712 681.244246 5217.464844

1637222587.058290 22.138867 62.930578 621.335726 3875.021180

1637222587.252173 -138.412891 62.969594 611.268952 -175.728217

1637222587.602363 22.138867 40.854826 1025.884290 -770.255931

1637222587.795903 -138.412891 41.172140 1025.907765 3500.196872

1637222588.048950 22.204492 41.149535 1025.915696 3451.538515

1637222588.384095 22.209570 41.030574 1025.920645 -175.832461

1637222588.651469 22.224805 64.675519 1025.897695 5091.576230

1637222588.925621 -138.412891 40.106299 1025.873491 3402.954066

1637222589.206358 22.229688 41.064600 1025.887560 4333.896210

1637222589.423642 22.229688 64.675519 1025.893676 5091.875743

1637222589.642749 -138.412891 40.781299 1025.851017 -175.528813

1637222589.960061 22.219727 40.656630 923.837573 -175.445143

1637222590.171623 22.164062 0.000000 1025.891750 -770.255931

1637222590.431933 22.209570 39.843654 1025.860375 3451.538515

1637222590.693211 -41.095508 40.577295 660.393097 -175.330961

1637222590.978699 -6.815430 0.000000 593.007471 3500.196872

1637222591.220702 -128.073242 64.653496 529.357591 5089.779354

1637222591.338691 -142.529297 0.000000 1100.000000 701.915194

1637222591.532557 22.133789 40.520514 1100.000000 3760.685892

1637222591.712730 22.093359 0.000000 1100.000000 702.363970

1637222592.010966 22.138867 40.560186 1100.000000 -770.255931

1637222592.130617 22.062891 0.000000 1025.897583 -770.255931

1637222592.303162 22.118555 40.843438 529.676009 3744.365268

1637222592.504384 22.113477 40.905740 1100.000000 -770.255931

1637222592.678077 22.098437 0.000000 1025.908038 -770.255931

1637222592.835897 -41.117578 41.234346 1025.875174 5087.683434

1637222593.083839 22.179297 0.000000 1025.878614 -770.255931

1637222593.344295 22.209570 41.664911 1025.889527 -770.255931

1637222593.620973 22.194336 41.619522 1025.885529 -770.255931

1637222593.817688 22.204492 41.885689 520.076713 3451.538515

1637222594.087464 22.184375 0.000000 1100.000000 702.716829

1637222594.385958 22.199414 42.055457 1100.000000 -770.255931

1637222594.505308 22.098437 0.000000 1100.000000 -175.361075

1637222594.804387 22.148828 42.213674 916.786952 -770.255931

1637222594.932568 22.052930 0.000000 1100.000000 702.087351

1637222595.230174 -142.488867 0.000000 1100.000000 702.087351

1637222595.348938 22.057813 41.726583 1100.000000 -770.255931

1637222595.468420 22.057813 0.000000 1025.861522 -770.255931

1637222595.641024 22.108398 41.545669 631.953386 -175.461074

1637222595.841903 -41.117578 41.664704 1100.000000 -770.255931

1637222596.106867 22.148828 41.557097 1100.000000 -770.255931

1637222596.296469 22.148828 0.000000 1025.891205 -770.255931

1637222596.477466 -15.941016 41.800671 1025.901087 -175.671000

1637222596.688234 -2.934180 0.000000 1025.874681 -175.434800

1637222596.911927 -11.990039 0.000000 1025.862125 -175.290287

1637222597.181696 -143.343555 41.500394 1100.000000 702.172064

1637222597.304730 22.138867 41.658967 1100.000000 -770.255931

1637222597.424031 22.083203 0.000000 1025.872446 -770.255931

1637222597.597423 22.128711 41.789105 1025.851224 -770.255931

1637222597.796590 -16.254297 41.540200 1025.905105 4123.038407

1637222598.057883 -41.106836 41.319399 1025.866275 -175.383600

1637222598.273498 -128.073242 41.336404 1025.866037 4300.039170

1637222598.534259 -1.640430 41.279797 1025.869495 -175.410182

1637222598.751498 22.194336 41.121174 923.868664 -175.691702

1637222599.000601 -138.412891 0.000000 1025.862125 702.725331

1637222599.168257 22.189258 0.000000 638.652733 3662.838063

1637222599.360280 22.158984 62.973141 637.309035 3679.134389

1637222599.556340 22.118555 0.000000 637.309242 -175.312395

1637222599.848635 -128.073242 41.879666 1025.864580 3161.133384

1637222599.973864 -75.356641 0.000000 1025.883817 702.420448

1637222600.099669 22.103320 0.000000 627.956844 -175.330690

1637222600.317167 22.093359 42.586754 1100.000000 3159.121566

1637222600.478361 22.113477 0.000000 629.287013 3777.008269

1637222600.672110 22.108398 42.507652 1025.902058 341.389109

1637222600.854224 22.148828 42.445762 1025.888766 -175.569281

1637222601.135396 -142.529297 0.000000 1025.918375 -175.813716

1637222601.398144 -128.073242 42.468503 1025.897155 -175.638537

1637222601.616549 -41.097070 42.276174 1100.000000 -770.255931

1637222601.928416 22.174219 0.000000 1025.914223 -770.255931

1637222602.112576 -15.385156 42.383661 1025.898884 -770.255931

1637222602.387311 22.199414 42.553396 1025.891969 4261.491307

1637222602.705322 22.209570 42.559141 1025.879392 -770.255931

1637222602.921767 22.209570 42.553454 1025.905324 -175.693664

1637222603.208846 22.209570 63.022796 1025.917663 -175.638537

1637222603.468674 22.184375 0.000000 1025.933933 5089.479908

1637222603.682936 -41.106836 43.220781 1025.917663 5090.378275

1637222603.890961 -2.934180 0.000000 1025.886782 -175.548980

1637222604.121554 -8.109180 100.000000 597.478894 3516.431731

1637222604.348951 -128.073242 64.649825 529.378819 5089.479908

1637222604.466774 -142.529297 0.000000 1100.000000 701.734544

1637222604.661014 22.118555 42.773544 1100.000000 -770.255931

1637222604.778098 22.078125 42.603751 623.199348 2654.731029

1637222605.076924 22.133789 42.456882 635.967401 -175.555122

1637222605.274990 22.158984 64.833369 1025.910528 -175.748942

1637222605.528041 22.189258 28.664385 1025.914917 -175.628184

1637222605.695639 -18.457812 53.557829 1025.902372 -175.817744

1637222605.863976 -128.073242 42.315313 1025.896873 3159.877456

1637222606.020082 -128.073242 42.371995 964.775501 -175.465025

1637222606.161232 22.113477 42.394543 1025.893180 -770.255931

1637222606.355377 -41.125781 42.151429 1025.893952 -175.612095

1637222606.568662 22.179297 42.400582 1025.904545 5220.148545

1637222606.902988 22.189258 42.581683 1025.916409 -770.255931

1637222607.120089 22.189258 42.502450 1025.897392 3500.196872

1637222607.333578 22.199414 0.000000 520.055869 5090.977233

1637222607.628265 -142.529297 0.000000 1100.000000 702.516406

1637222607.821585 -17.164453 96.367589 1025.896627 -175.644544

1637222608.078437 -143.339648 42.632240 1025.871494 -770.255931

1637222608.246506 22.128711 0.000000 635.967401 3695.433467

1637222608.478731 -128.073242 64.631472 529.484958 5087.982822

1637222608.596878 22.128711 42.473628 1100.000000 -770.255931

1637222608.746818 22.103320 0.000000 1025.903080 766.605267

1637222608.978948 22.143750 41.305554 1025.938661 -770.255931

1637222609.288902 -41.113477 42.083686 1025.921595 -770.255931

1637222609.607090 22.199414 42.095052 1025.914917 -175.785173

1637222609.866417 -128.073242 42.055410 1025.916409 5089.779354

1637222610.104100 22.194336 0.000000 1100.000000 702.649108

1637222610.401663 22.189258 41.925227 1100.000000 -770.255931

1637222610.521096 22.067969 41.551207 1100.000000 -770.255931

1637222610.715647 22.083203 64.792821 529.718465 5084.690074

1637222610.945689 22.108398 0.000000 1100.000000 702.095851

1637222611.208731 22.128711 41.613641 1100.000000 -770.255931

1637222611.328432 22.037695 41.664248 1100.000000 -770.255931

1637222611.517182 22.062891 0.000000 1025.914952 -770.255931

1637222611.744290 22.138867 41.596711 638.652733 -175.534280

1637222611.957155 22.158984 41.358950 1025.902595 -770.255931

1637222612.240400 22.158984 41.313661 1025.919882 -770.255931

1637222612.457934 22.158984 41.302290 639.998272 -175.760662

1637222612.657452 -138.412891 41.330666 1025.922629 -175.848841

1637222612.944272 -128.073242 41.325077 1025.940848 -770.255931

1637222613.172474 22.179297 63.005062 529.400046 -175.618541

1637222613.432141 -16.335156 40.983393 1025.919882 -175.881292

1637222613.661869 22.179297 0.000000 1025.896699 -770.255931

1637222613.930867 -41.116406 40.905874 1025.919172 5088.881045

1637222614.139652 -41.108203 40.854884 1025.908800 3548.923271

1637222614.352737 -16.471484 41.087138 923.887520 -175.799444

1637222614.533395 -16.410937 0.000000 1025.892697 -175.713946

1637222614.786519 -16.299805 41.126775 645.398723 -770.255931

1637222615.040682 22.148828 41.290950 638.652733 -175.791153

1637222615.233974 -11.990039 41.579798 1025.898901 -175.652953

1637222615.452725 22.174219 41.460910 645.398723 -176.038271

1637222615.671356 -138.412891 41.585514 1025.926087 -175.877383

1637222615.843164 22.133789 41.636304 529.612325 3160.882176

1637222616.064786 -21.044922 0.000000 1025.924535 3875.021180

1637222616.290995 -41.141602 41.613622 1025.935687 3711.740112

1637222616.503800 -128.073242 41.726938 529.548641 3630.262007

1637222616.727152 22.128711 64.818625 529.569869 5086.785325

1637222616.959374 22.113477 0.000000 630.619130 -175.791153

1637222617.212785 -138.412891 0.000000 1025.912980 702.028140

1637222617.385370 22.138867 64.781762 1025.947787 3160.882176

1637222617.647885 -24.925391 0.000000 1025.908737 -176.062391

1637222617.828714 -128.073242 41.958610 681.484675 -175.830209

1637222618.025460 22.098437 64.792821 1025.893416 701.906694

1637222618.287606 -128.073242 42.468280 681.091142 -175.860687

1637222618.465954 -14.905078 100.000000 1025.967510 -175.707603

1637222618.632036 -138.412891 0.000000 1025.919583 701.438233

1637222618.831443 -26.218750 0.000000 1025.974658 3842.336511

1637222619.057286 -41.137891 0.000000 1025.942837 -176.083122

1637222619.255042 22.128711 0.000000 1025.940401 -175.995555

1637222619.470999 -138.412891 43.423924 1025.920827 702.076114

1637222619.650764 22.169141 64.796507 1025.943858 3679.131881

1637222619.941239 22.164062 64.829683 642.695017 3613.980180

1637222620.162725 22.179297 63.586762 609.032402 2549.643137

1637222620.341090 22.078125 0.000000 1025.919348 -770.255931

1637222620.498628 22.108398 44.327875 637.309242 3679.131881

1637222620.723458 -13.045508 44.920644 1100.000000 701.819250

1637222620.918560 22.108398 45.140539 520.410220 3711.740112

1637222621.189522 22.123633 45.231071 1100.000000 -770.255931

1637222621.376098 22.113477 61.157308 633.289561 3728.049106

1637222621.606820 22.118555 44.993968 1100.000000 -770.255931

1637222621.790630 22.118555 0.000000 1025.932936 -770.255931

1637222621.979825 22.128711 45.050697 1025.927506 -175.885196

1637222622.250497 -11.990039 44.723484 1025.934967 -175.950693

1637222622.517108 22.169141 45.011585 1025.941645 -770.255931

1637222622.755651 22.169141 45.005768 871.690256 3565.177023

1637222623.098390 22.153906 45.761817 1025.933948 -770.255931

1637222623.361935 -138.412891 46.128851 1025.939119 5089.180472

1637222623.636392 -128.073242 46.388464 1025.952475 5090.078810

1637222623.856035 22.189258 46.749203 520.139246 3500.196872

1637222624.119735 22.164062 47.154657 619.843562 3981.875664

1637222624.377267 22.164062 64.631472 1100.000000 -770.255931

1637222624.581681 22.128711 47.666502 1100.000000 -770.255931

1637222624.751772 22.098437 0.000000 1025.944336 766.324917

1637222624.917744 22.128711 47.953850 529.591097 3679.131881

1637222625.131474 22.108398 0.000000 1025.964285 -770.255931

1637222625.293089 22.143750 47.858219 529.569869 -176.158286

1637222625.521989 -11.990039 47.852946 1025.963882 3532.358787

1637222625.800818 -5.521680 50.194884 1025.944306 -176.221716

1637222626.027955 -11.990039 100.000000 618.725030 3548.920770

1637222626.262651 -128.073242 64.642484 529.421274 5088.881045

1637222626.381471 22.088281 0.000000 623.978172 -176.074684

1637222626.640358 -143.315820 49.432971 1100.000000 701.658340

1637222626.757750 22.108398 49.511683 1100.000000 -770.255931

1637222626.877462 22.078125 0.000000 1025.939386 -770.255931

1637222627.110336 22.143750 48.697179 1025.984079 -770.255931

1637222627.323470 22.174219 48.568049 529.442502 3565.177023

1637222627.528114 22.128711 0.000000 1100.000000 702.248278

1637222627.826429 22.164062 64.631472 1025.946212 3157.363973

1637222627.978116 -27.512109 0.000000 627.956844 3793.334713

1637222628.100186 -75.356641 46.899742 1025.964520 3560.992444

1637222628.332629 -18.457812 62.958954 1025.970258 1919.155654

1637222628.576616 22.153906 0.000000 623.572230 5216.272335

1637222628.755324 22.118555 49.397851 1100.000000 -176.422944

1637222628.926181 22.113477 49.708880 1025.997916 -770.255931

1637222629.150929 -8.431836 50.063538 1025.978184 702.039377

1637222629.269652 -128.073242 50.137397 923.908877 -176.138166

1637222629.447916 -126.781250 50.698288 923.965105 -176.352224

1637222629.692837 -7.835547 0.000000 520.305999 -176.368443

1637222629.894842 -26.218555 0.000000 1025.967742 701.494699

1637222630.021091 -19.751367 0.000000 1025.977643 -770.255931

1637222630.244059 -7.588086 51.001800 1025.982350 701.875721

1637222630.362023 -9.402539 0.000000 1025.968530 -176.195336

1637222630.582428 -9.402734 100.000000 648.109878 -176.354067

1637222630.867158 22.133789 0.000000 639.998479 -176.150486

1637222631.157330 -14.577148 0.000000 1025.970249 -176.337954

1637222631.355843 -138.412891 0.000000 923.984263 -176.227689

1637222631.611729 22.138867 0.000000 1100.000000 701.827749

1637222631.768730 -9.402734 0.000000 1025.972214 3597.706939

1637222631.994527 22.194336 0.000000 1025.955459 -176.415643

1637222632.262520 -138.412891 48.236721 1025.984611 702.372470

1637222632.455462 22.214648 0.000000 657.652064 -176.213419

1637222632.635182 22.128711 47.317300 1025.951244 -176.085067

1637222632.792776 22.164062 47.295511 1025.976456 -770.255931

1637222632.993983 22.189258 45.300442 1025.954204 -176.148401

1637222633.254282 -11.196094 0.000000 976.406961 -175.983016

1637222633.442452 22.158984 62.997969 1025.945339 702.220039

1637222633.667176 22.133789 46.810281 1100.000000 -770.255931

1637222633.829219 22.169141 46.872974 614.251215 5221.043284

1637222634.088897 22.143750 0.000000 1025.951942 289.962768

1637222634.247900 22.179297 46.732065 1025.957203 -770.255931

1637222634.460201 22.189258 46.563248 1025.926781 -770.255931

1637222634.693572 22.214648 46.163247 1025.968577 5091.576230

1637222634.931816 -11.812695 0.000000 1025.959372 -176.266339

1637222635.177733 22.229688 45.689446 1025.959372 -176.152163

1637222635.449997 22.229688 45.367841 1025.933439 -770.255931

1637222635.682534 22.234766 63.040529 1025.981609 -176.123619

1637222635.948382 -41.111914 44.836954 1100.000000 -770.255931

1637222636.211271 22.184375 64.646154 652.189286 3500.196872

1637222636.399126 -128.073242 64.660837 529.315135 5090.378275

1637222636.517517 -142.529297 0.000000 1100.000000 702.028140

1637222636.711183 22.174219 44.638891 1100.000000 -770.255931

1637222636.859461 22.133789 44.582004 1100.000000 -770.255931

1637222637.041059 22.143750 0.000000 916.799974 -770.255931

1637222637.273981 22.158984 44.017423 1100.000000 -770.255931

1637222637.454927 22.153906 44.006215 916.796873 -770.255931

1637222637.668072 22.138867 0.000000 1100.000000 702.239777

1637222637.966031 22.169141 44.209596 1100.000000 -770.255931

1637222638.085868 22.078125 64.569068 621.335726 3875.021180

1637222638.262840 -128.073242 64.598435 529.676009 5085.288669

1637222638.381026 22.093359 44.807413 1100.000000 -770.255931

1637222638.571120 22.118555 0.000000 637.309242 3679.131881

1637222638.806376 22.164062 44.158612 923.953481 -176.072664

1637222639.031613 22.133789 43.779893 1100.000000 -770.255931

1637222639.220591 22.133789 43.209073 1025.938673 -175.981285

1637222639.417291 -128.073242 43.197911 1025.942591 702.095851

1637222639.537803 -138.412891 42.734080 1025.912744 6183.671513

1637222639.780247 22.164062 42.389184 645.398723 -176.238061

1637222639.986708 -41.122070 42.417582 1025.946034 -770.255931

1637222640.206010 -41.112305 42.389319 1025.933222 -175.936286

1637222640.425566 -128.073242 42.836234 652.189286 -175.983016

1637222640.647045 -41.106250 42.921204 1025.980916 3419.140305

1637222640.866020 22.199414 43.350895 654.917409 -176.150359

1637222641.066317 22.199414 0.000000 1025.953492 5090.977233

1637222641.283790 22.234766 64.881288 1025.924795 -175.978934

1637222641.575748 22.229688 63.040529 1025.976423 -176.091148

1637222641.878775 22.209570 44.577135 923.884202 -176.264377

1637222642.131488 22.209570 44.845797 1025.936442 -770.255931

1637222642.289009 22.179297 0.000000 650.827720 -176.095231

1637222642.545508 -143.325000 46.872974 1025.945102 3548.920770

1637222642.666564 22.199414 0.000000 641.345844 -176.132309

1637222642.883661 -11.276953 40.016065 1025.961842 -176.079132

1637222643.074941 -142.529297 0.000000 1025.931746 3162.894623

1637222643.237873 -6.815430 0.000000 649.467841 3532.673935

1637222643.359785 -75.356641 0.000000 1100.000000 296.088344

1637222643.557225 22.143750 45.586801 1100.000000 -770.255931

1637222643.677519 22.098437 0.000000 1025.965078 -770.255931

1637222643.850172 22.128711 44.548123 1025.926013 -770.255931

1637222644.091161 22.169141 44.153152 1100.000000 -770.255931

1637222644.361351 22.158984 0.000000 1025.959878 -770.255931

1637222644.545281 -9.402734 43.531559 1025.976678 5090.078810

1637222644.802951 22.194336 43.441272 923.914216 -175.940202

1637222645.051557 -14.551367 64.631472 1025.922866 5088.581628

1637222645.269703 22.184375 0.000000 1025.968508 -770.255931

1637222645.486847 22.194336 41.592254 1025.950747 3483.969572

1637222645.753079 22.179297 42.739953 1025.947068 3565.177023

1637222645.952585 22.143750 0.000000 1025.986515 333.903502

1637222646.127194 22.143750 42.756765 642.695017 -175.985091

1637222646.397424 22.169141 0.000000 1025.969304 -176.433947

1637222646.593264 -128.073242 42.157112 1025.928998 -175.983140

1637222646.773202 22.118555 42.049426 456.260046 -175.946257

1637222646.954104 22.153906 41.806208 1025.967028 -176.097305

1637222647.175006 -143.342773 64.605777 1025.933487 -175.938475

1637222647.398445 22.164062 41.279667 642.695017 -176.042174

1637222647.617388 22.169141 0.000000 1025.958932 -176.020095

1637222647.845355 -138.412891 41.132401 681.069299 -175.797619

1637222648.098646 -16.446289 64.605777 1025.947316 -176.060342

1637222648.296486 -143.345508 40.973723 1025.951715 701.675338

1637222648.414221 22.098437 64.803880 529.654781 -175.887233

1637222648.671363 22.078125 40.866019 1025.966016 -176.207012

1637222648.825683 -128.073242 41.041656 681.287925 -175.705613

1637222649.008054 22.093359 0.000000 529.782148 -175.858693

1637222649.202395 -138.412891 0.000000 1100.000000 361.739164

1637222649.360587 22.133789 0.000000 635.967401 -175.614225

1637222649.540236 22.067969 40.950979 1025.896879 4559.276142

1637222649.678915 22.123633 40.894452 1025.928537 9109.286214

1637222649.952961 22.148828 40.922828 1025.916188 -770.255931

1637222650.201604 22.153906 40.934136 1025.937877 -770.255931

1637222650.403333 22.153906 40.883172 1025.920119 -770.255931

1637222650.631094 -11.990039 55.794246 1025.909510 -175.852750

1637222650.858787 22.138867 0.000000 637.309035 -175.862506

1637222651.046155 -27.512109 86.638171 625.436695 3695.433467

1637222651.287370 -128.073242 64.609447 529.612325 5086.186634

1637222651.405573 -142.529297 0.000000 1100.000000 701.209640

1637222651.598533 22.083203 41.834219 1025.920842 8166.496686

1637222651.746902 -15.592383 42.196524 1025.940637 -770.255931

1637222652.054701 -15.870898 42.683236 1025.952727 5087.982822

1637222652.315719 22.164062 43.344977 1100.000000 -770.255931

1637222652.572677 22.143750 0.000000 1100.000000 -175.960450

1637222652.821474 22.103320 44.254158 1025.959334 -176.151853

1637222652.999850 -13.495313 44.418188 1025.944330 701.838986

1637222653.120594 -13.283594 44.554028 1025.942591 -176.013632

1637222653.248891 22.073047 0.000000 1025.952423 -770.255931

1637222653.414357 22.098437 44.378455 1025.924529 -770.255931

1637222653.623168 22.133789 44.299635 529.612325 3695.433467

1637222653.834602 22.088281 44.378257 1025.944806 -770.255931

1637222653.998068 22.103320 44.418289 1025.974973 3646.544695

1637222654.339747 22.118555 64.598435 633.289355 3728.051616

1637222654.527428 -128.073242 64.613118 529.591097 5086.485975

1637222654.645483 22.067969 44.632296 1100.000000 -770.255931

1637222654.833947 22.078125 64.569068 529.845832 5083.492998

1637222655.015896 22.093359 0.000000 1100.000000 -175.921603

1637222655.271772 22.108398 44.242910 1100.000000 -714.820540

1637222655.394289 22.007422 0.000000 1025.956106 -770.255931

1637222655.563591 22.067969 43.988540 1025.973955 3539.028380

1637222655.790003 22.108398 0.000000 1025.980394 -770.255931

1637222656.055532 -41.128320 43.644351 1025.936149 -770.255931

1637222656.378242 22.148828 43.265717 1025.931199 -175.919587

1637222656.632824 -128.073242 42.886810 1025.939842 -770.255931

1637222656.851397 22.143750 42.547537 639.998272 -175.917638

1637222657.092786 -138.412891 42.123110 1025.927742 -175.891046

1637222657.297492 22.103320 42.253053 964.704421 -176.109046

1637222657.474359 22.103320 41.936153 1025.937422 3655.767379

1637222657.669963 -41.138867 41.924944 1025.925316 -175.871017

1637222657.882529 -128.073242 42.162721 1025.955400 3805.977864

1637222658.141876 -41.127148 42.140135 1025.977164 -770.255931

1637222658.418216 -41.123633 42.128841 1025.909983 3898.157500

1637222658.695997 22.158984 42.581508 644.045982 5087.982822

1637222658.915971 22.108398 42.762170 1025.938357 -175.978681

1637222659.092733 22.128711 64.605777 1025.930501 -176.038366

1637222659.297337 -138.412891 43.435192 1025.967264 -176.217314

1637222659.578010 22.158984 62.980235 1025.922320 -175.974720

1637222659.829602 22.128711 0.000000 1025.968059 -770.255931

1637222660.051487 22.143750 0.000000 1025.949506 -176.170608

1637222660.250967 -14.364453 43.446457 1025.947551 3161.133384

1637222660.368663 -128.073242 43.582225 1025.982822 -176.056578

1637222660.548350 22.057813 43.604217 1025.923040 -175.852231

1637222660.770488 22.078125 64.569068 621.335726 -770.255931

1637222660.991929 -32.685547 0.000000 622.655939 3858.677292

1637222661.116004 -138.412891 100.000000 1100.000000 -175.980645

1637222661.393702 22.047852 0.000000 613.458386 -176.043524

1637222661.616214 22.022461 0.000000 606.952336 -175.952109

1637222661.792975 -15.061719 64.525017 1025.956112 -175.919711

1637222661.997689 -15.238672 42.467830 924.042681 -176.164207

1637222662.171157 -37.858594 20.631148 655.280021 -176.098665

1637222662.362192 22.032617 0.000000 1100.000000 701.314068

1637222662.660217 22.073047 42.207639 1100.000000 -770.255931

1637222662.779918 21.976953 64.495648 1025.955873 766.613678

1637222663.003210 22.073047 42.303814 924.050216 -176.146067

1637222663.192794 -15.652930 0.000000 1025.930657 -176.194678

1637222663.399211 22.078125 0.000000 1025.925558 -176.099385

1637222663.610803 22.113477 41.772083 1100.000000 701.647104

1637222663.782317 22.128711 41.783465 1100.000000 -770.255931

1637222663.901577 22.052930 41.602080 660.504903 3891.365471

1637222664.202421 22.078125 41.647439 1100.000000 -770.255931

1637222664.470432 22.078125 64.569068 622.655939 3858.677292

1637222664.658196 -128.073242 64.583752 529.760920 5084.091517

1637222664.776304 -142.529297 0.000000 1100.000000 701.254868

1637222664.971805 22.067969 41.500137 1100.000000 -770.255931

1637222665.159497 22.057813 0.000000 616.075730 3940.419012

1637222665.392202 -128.073242 64.572739 529.824604 5083.193752

1637222665.510285 -128.073242 64.558055 529.909517 5081.996867

1637222665.631070 -126.781250 0.000000 1025.911643 701.065749

1637222665.873008 22.067969 41.647382 1100.000000 -770.255931

1637222665.992740 22.012500 0.000000 1100.000000 701.113712

1637222666.294095 -142.488867 0.000000 1100.000000 701.113712

1637222666.416085 -126.781250 0.000000 924.077852 -175.896967

1637222666.714827 -15.637891 0.000000 1025.910382 -175.954039

1637222666.934992 22.067969 0.000000 964.286239 -176.070847

1637222667.166231 -143.342187 41.771901 1100.000000 701.362034

1637222667.283292 22.093359 42.043651 1100.000000 -770.255931

1637222667.402689 22.032617 0.000000 1100.000000 637.315842

1637222667.703444 -142.529297 0.000000 1100.000000 700.569155

1637222667.897190 22.022461 41.811331 1100.000000 -770.255931

1637222668.016808 21.971875 64.491977 594.105285 4218.566193

1637222668.192746 -128.073242 64.528688 606.952336 -176.145232

1637222668.371617 -58.548047 100.000000 677.303806 -175.831412

1637222668.618488 -16.416016 0.000000 1025.923270 -176.157640

1637222668.826977 22.037695 41.166131 1100.000000 701.410000

1637222669.041334 22.088281 0.000000 623.978172 -175.921642

1637222669.220516 -143.344336 41.313196 1100.000000 700.789216

1637222669.338188 -142.488867 0.000000 1100.000000 700.789216

1637222669.463302 22.002344 41.267891 1100.000000 -770.255931

1637222669.582573 21.951758 0.000000 1100.000000 -175.968265

1637222669.854723 21.976953 41.290461 1100.000000 -770.255931

1637222670.049358 21.992188 0.000000 1100.000000 -176.051985

1637222670.348105 -75.356641 0.000000 1100.000000 352.770909

1637222670.469508 -142.488867 0.000000 590.295502 -175.949238

1637222670.649524 21.956836 62.877373 530.164254 5078.407126

1637222670.859228 22.027539 0.000000 600.500854 -176.127179

1637222671.074891 -128.073242 41.188671 1025.991610 700.529695

1637222671.201208 -43.031445 0.000000 1025.976618 -176.385917

1637222671.380333 -128.073242 41.737704 1025.983758 3154.849140

1637222671.529028 -45.617773 0.000000 609.548215 4022.207616

1637222671.650934 -57.255078 0.000000 1025.946667 -176.061619

1637222671.906934 -142.529297 41.173151 786.872197 4005.846634

1637222672.145481 -128.073242 64.539701 530.015657 5080.500975

1637222672.263955 -142.529297 0.000000 1100.000000 700.357602

1637222672.458652 22.007422 42.184683 1100.000000 -770.255931

1637222672.578458 21.971875 0.000000 1025.950821 -770.255931

1637222672.751202 22.012500 42.354457 1025.941257 -770.255931

1637222672.952921 22.042773 42.360330 1100.000000 -770.255931

1637222673.216476 22.052930 42.201881 1100.000000 -770.255931

1637222673.402993 22.042773 42.128284 1100.000000 -770.255931

1637222673.592721 22.027539 42.128211 1100.000000 -770.255931

1637222673.779343 22.027539 64.543372 529.994429 -176.072060

1637222674.038446 -143.341992 41.941546 1100.000000 700.882400

1637222674.209031 -142.488867 0.000000 1100.000000 701.209640

1637222674.327867 22.032617 42.286633 1100.000000 -770.255931

1637222674.446918 21.976953 42.342903 1100.000000 -770.255931

1637222674.631947 22.012500 64.521345 605.657542 -176.208931

1637222674.887322 22.012500 0.000000 530.121798 -176.092859

1637222675.080376 22.027539 0.000000 608.249098 -176.264074

1637222675.268869 -138.412891 42.348828 924.064034 -175.791295

1637222675.498971 -15.258789 0.000000 1025.928926 -175.937841

1637222675.700403 -41.160352 42.337650 769.766957 3956.773111

1637222675.958011 22.078125 42.320838 1025.953683 5083.193752

1637222676.213858 22.088281 41.008940 1025.934435 -175.960571

1637222676.477761 22.062891 0.000000 964.831113 -175.974840

1637222676.772420 -138.412891 0.000000 1100.000000 -175.697209

1637222677.035619 -53.376172 0.000000 1025.926959 -175.831412

1637222677.216331 -53.376172 0.000000 1025.948960 -176.155714

1637222677.405971 -48.203906 100.000000 1025.942986 -175.852232

1637222677.588902 -143.341406 42.122529 1100.000000 700.930361

1637222677.706243 22.047852 41.981200 1100.000000 -770.255931

1637222677.825556 22.002344 0.000000 1025.982262 -770.255931

1637222677.998696 22.032617 42.116896 1100.000000 -770.255931

1637222678.265874 22.037695 0.000000 1100.000000 -175.852232

1637222678.548505 -36.565430 0.000000 618.701611 3907.715007

1637222678.684407 -128.073242 64.506661 530.206711 5077.808970

1637222678.802564 21.946680 0.000000 1025.946667 4169.477610

1637222679.027360 -52.083203 100.000000 1025.952650 -176.037717

1637222679.282834 -52.083203 100.000000 1025.949193 -175.831412

1637222679.476047 -49.497070 84.463875 668.343510 3989.487103

1637222679.709124 -128.073242 64.543372 529.994429 5080.800134

1637222679.827062 21.941602 42.631096 1025.914517 -770.255931

1637222680.019859 -50.790039 42.552351 1025.963259 -770.255931

1637222680.326245 22.062891 42.230192 1025.920286 -770.255931

1637222680.542221 22.078125 42.173767 623.978172 -176.117529

1637222680.756032 -41.149805 42.264239 622.655939 2362.289788

1637222680.980253 22.032617 0.000000 1025.921779 -770.255931

1637222681.157230 22.032617 41.964202 612.152871 3989.487103

1637222681.360433 22.047852 0.000000 605.657542 -176.249806

1637222681.615114 -15.688281 42.060272 1025.948404 3155.353498

1637222681.761606 -128.073242 0.000000 1025.877773 700.837176

1637222681.956234 22.012500 0.000000 1100.000000 -176.072036

1637222682.213907 -138.412891 0.000000 1100.000000 347.913719

1637222682.385549 22.037695 41.839689 1025.952655 346.464438

1637222682.503513 -15.865234 41.822691 520.764574 5080.800134

1637222682.767829 22.017383 0.000000 1025.947937 -770.255931

1637222682.955598 -15.799414 41.981245 1025.937570 -175.972182

1637222683.176814 -41.153906 41.403932 1025.920286 -175.957914

1637222683.436904 22.042773 62.905749 1025.892164 701.226636

1637222683.693185 -41.738281 0.000000 1025.954611 3257.460483

1637222683.918018 22.017383 62.895108 1025.923741 700.998054

1637222684.127683 -128.073242 40.945239 1025.923040 701.141943

1637222684.260563 22.012500 35.355845 530.334080 -175.704880

1637222684.519105 -16.668555 36.066613 1025.913357 -176.027256

1637222684.712729 -143.346875 62.895108 1025.965220 3155.100079

1637222684.937510 -128.073242 40.554392 681.572228 -175.856051

1637222685.118252 -17.072852 0.000000 589.030222 -175.745680

1637222685.291307 21.936523 62.859637 1025.928687 700.741257

1637222685.588973 -128.073242 40.582690 1025.901741 701.026284

1637222685.724367 21.997266 62.827712 1025.919006 3152.337895

1637222685.965055 21.946680 100.000000 1100.000000 -176.141392

1637222686.262017 -66.305273 0.000000 1025.931335 -176.014911

1637222686.420875 21.931445 0.000000 583.992066 -175.947324

1637222686.596033 -62.426758 100.000000 687.013066 907.834279

1637222686.838590 21.891016 64.433237 1100.000000 -175.798051

1637222687.094895 21.896094 43.286567 1025.921182 -770.255931

1637222687.256511 22.002344 0.000000 1025.928687 -770.255931

1637222687.478824 -41.170117 43.553117 1025.980309 5080.500975

1637222687.688933 -128.073242 43.462783 529.951973 3956.773111

1637222687.912175 22.022461 0.000000 1025.937801 330.550220

1637222688.099417 22.037695 43.383586 1025.916127 -175.895037

1637222688.330993 -126.781250 43.078333 530.015657 4005.846634

1637222688.628654 22.012500 0.000000 1025.929393 9109.286214

1637222688.817103 -14.920312 42.886120 1025.962558 -176.137592

1637222689.083748 22.037695 42.512965 1100.000000 -770.255931

1637222689.374062 22.027539 0.000000 606.952336 4054.930702

1637222689.605532 -55.962109 4.401606 678.050589 -176.110937

1637222689.865359 -52.083203 0.000000 603.074699 4104.023055

1637222689.987982 -128.073242 64.455264 530.503907 5073.622942

1637222690.105998 -142.529297 0.000000 1100.000000 699.736973

1637222690.299085 21.951758 41.737483 1100.000000 -770.255931

1637222690.419018 21.906250 0.000000 1100.000000 -175.910266

1637222690.709475 21.956836 41.550760 1100.000000 -770.255931

1637222690.837137 21.865820 0.000000 1100.000000 -175.758928

1637222691.091880 21.906250 41.590190 1100.000000 -770.255931

1637222691.254789 21.891016 0.000000 1100.000000 -770.255931

1637222691.554407 21.881055 41.482587 1100.000000 -770.255931

1637222691.744682 21.906250 64.444251 577.747714 4431.419077

1637222691.926376 -128.073242 64.444251 530.567592 5072.726179

1637222692.046270 -80.525195 0.000000 575.266804 4463.775442

1637222692.168392 -128.073242 64.433237 530.631277 5071.829501

1637222692.286519 21.875977 41.895577 1100.000000 -770.255931

1637222692.464677 21.916406 0.000000 1100.000000 700.272926

1637222692.764786 21.961914 41.754499 1100.000000 -770.255931

1637222692.885098 21.855664 41.855893 565.439805 5070.932910

1637222693.070385 21.926562 0.000000 582.738598 -175.914088

1637222693.287652 -138.412891 0.000000 1025.898487 700.168524

1637222693.465534 -66.305273 100.000000 1025.908869 -176.177350

1637222693.645216 -126.781250 41.471355 682.140413 -175.951151

1637222693.885181 21.901172 0.000000 530.525135 -176.122340

1637222694.080159 -16.294727 64.462607 1025.932367 -176.000559

1637222694.303969 -54.669141 41.499964 1025.950921 5078.706219

1637222694.567787 -54.669141 41.426380 1025.976056 5079.304433

1637222694.855616 22.002344 41.958341 1100.000000 -770.255931

1637222695.086776 21.966992 62.859637 595.379896 4202.203888

1637222695.321520 -128.073242 64.506661 530.206711 5077.808970

1637222695.439510 -142.529297 0.000000 1100.000000 700.272926

1637222695.641619 21.966992 0.000000 592.833140 -176.038657

1637222695.814572 -14.652539 41.827770 1025.921661 -176.034834

1637222696.066769 21.951758 0.000000 1025.966941 -176.214646

1637222696.310939 22.017383 44.157334 1025.925936 -175.876142

1637222696.551567 -41.170313 44.309899 608.249098 -176.100571

1637222696.768397 -41.164453 44.513214 1025.997359 3989.487103

1637222696.984624 -138.412891 44.321193 1025.966715 -176.243245

1637222697.288421 22.027539 64.532359 1025.977085 -175.915091

1637222697.481598 21.997266 0.000000 1025.950921 5079.005321

1637222697.705630 -138.412891 43.360826 1025.970638 700.693298

1637222697.875870 -46.910938 0.000000 1025.935035 -175.974031

1637222698.095375 -41.172852 43.298548 1025.933406 -175.937807

1637222698.309424 -14.177539 43.682904 1025.944481 -175.872288

1637222698.577396 22.007422 62.884467 530.121798 -176.312656

1637222698.834399 -13.439648 0.000000 530.270395 -176.023411

1637222699.020434 -126.781250 44.552370 968.153135 -175.976014

1637222699.330770 21.982031 0.000000 597.935892 -176.110937

1637222699.512100 21.956836 0.000000 590.295502 -176.257446

1637222699.705764 -13.348828 16.707590 1025.980767 -175.931230

1637222699.935215 22.012500 0.000000 1025.929949 -176.227052

1637222700.193877 22.032617 45.201907 1025.980309 -176.382068

1637222700.513836 -12.712109 45.280839 1100.000000 -770.255931

1637222700.768442 22.012500 45.240986 1100.000000 -770.255931

1637222700.998094 21.982031 45.178627 1100.000000 -770.255931

1637222701.182979 21.966992 44.777825 1100.000000 -770.255931

1637222701.367767 21.961914 64.484634 594.105481 4218.563675

1637222701.555666 -55.962109 0.000000 599.217258 4153.113969

1637222701.674525 -128.073242 64.484634 530.334080 5076.014729

1637222701.793105 -142.529297 0.000000 1100.000000 699.796153

1637222701.987914 21.951758 44.128484 1100.000000 -770.255931

1637222702.107628 21.911328 0.000000 1100.000000 -175.892046

1637222702.359345 21.911328 43.783642 1025.985348 -770.255931

1637222702.533788 21.936523 43.795373 1025.966374 -176.071890

1637222702.795852 21.997266 42.284338 1025.960028 -176.157579

1637222702.949836 21.961914 64.484634 591.563078 4251.285793

1637222703.135490 21.992188 0.000000 1025.927646 327.215406

1637222703.325844 21.976953 62.870278 1025.954045 -176.145232

1637222703.559733 21.966992 0.000000 1025.942735 700.340609

1637222703.679849 21.982031 62.841901 530.376537 5075.416725

1637222703.871620 21.931445 0.000000 582.738598 -176.157486

1637222704.126397 21.931445 0.000000 585.248066 -176.216464

1637222704.316427 -67.598242 76.818898 1100.000000 -176.157486

1637222704.540755 -143.338281 43.004086 1100.000000 699.920273

1637222704.658937 21.941602 43.241549 698.966168 4398.439787

1637222704.839679 21.916406 43.303630 583.992259 -176.242191

1637222705.031873 -41.188086 42.981786 1025.996785 4185.840972

1637222705.300712 22.012500 43.343758 1025.984697 -176.308752

1637222705.591944 -49.497070 43.886231 1025.941024 -770.255931

1637222705.888699 -13.530664 44.479441 1025.954617 4022.207616

1637222706.096892 22.032617 45.055078 1100.000000 700.913366

1637222706.251457 22.042773 0.000000 1025.838470 -770.255931

1637222706.401379 22.022461 45.867326 1100.000000 766.420236

1637222706.678219 22.037695 46.341050 1025.959569 -770.255931

1637222706.909690 22.022461 44.751558 1026.002777 -770.255931

1637222707.220373 -44.324609 46.836982 1025.973395 -176.380142

1637222707.492202 -11.458789 46.690479 924.083190 -176.363947

1637222707.651281 -143.325000 46.858349 1100.000000 700.148796

1637222707.769081 21.987109 46.920706 1100.000000 -770.255931

1637222707.891828 21.911328 0.000000 585.248260 -176.271614

1637222708.188405 -70.183594 43.439042 1025.938942 -176.200285

1637222708.380182 -143.325977 46.542318 1100.000000 699.824375

1637222708.497693 21.951758 46.531421 1100.000000 -770.255931

1637222708.617214 21.891016 0.000000 1100.000000 -176.161178

1637222708.893746 21.936523 47.015668 1100.000000 -770.255931

1637222709.038744 21.901172 0.000000 580.238524 -176.477067

1637222709.295962 21.936523 47.213884 1025.937214 3151.334698

1637222709.465147 21.936523 0.000000 1025.999423 -770.255931

1637222709.648243 21.971875 48.384620 1025.973621 4120.386521

1637222709.860374 22.027539 0.000000 1100.000000 -176.230902

1637222710.105289 22.022461 49.419908 794.369380 4005.846634

1637222710.414384 22.007422 0.000000 1025.968204 -770.255931

1637222710.680708 22.002344 0.000000 916.830978 -770.255931

1637222710.913383 21.976953 0.000000 1100.000000 700.397060

1637222711.218672 22.022461 50.195401 1100.000000 -770.255931

1637222711.338194 21.961914 49.924373 1100.000000 -176.275440

1637222711.539262 21.946680 87.876203 1025.988130 -770.255931

1637222711.795722 21.997266 49.497959 1025.977542 -176.371579

1637222711.967430 21.992188 0.000000 1025.974318 5077.509906

1637222712.220465 -52.083008 0.000000 603.074897 4104.020536

1637222712.343997 21.911328 62.834806 1025.983640 262.103273

1637222712.588630 21.971875 48.232608 1026.005194 -770.255931

1637222712.831194 22.017383 48.187873 1025.996330 5210.609996

1637222713.124128 22.037695 48.267216 1025.978813 -176.312656

1637222713.394152 22.042773 48.700635 1025.964053 3392.837249

1637222713.651890 22.062891 0.000000 1025.942755 -176.398295

1637222713.848068 -138.412891 49.088714 681.528559 -176.349680

1637222714.102418 -9.205078 64.517674 1025.994834 -176.318427

1637222714.300720 -50.790039 0.000000 1025.959563 5079.902685

1637222714.519658 22.037695 62.898655 1025.978580 -176.153788

1637222714.799299 21.966992 0.000000 1025.983655 4169.477610

1637222714.978479 22.017383 40.088513 600.500854 4136.750216

1637222715.168669 21.982031 47.962303 973.167279 -176.573223

1637222715.353422 22.002344 47.771638 1025.977551 4054.930702

1637222715.567244 -41.173242 47.552495 529.973201 3956.773111

1637222715.788275 22.017383 64.525017 605.657542 4071.294972

1637222715.976032 -128.073242 64.539701 530.015657 5080.500975

1637222716.094441 22.007422 0.000000 590.295502 -176.487626

1637222716.310071 -11.287109 0.000000 1026.001273 -770.255931

1637222716.577117 -41.177344 46.633900 1025.992173 5080.800134

1637222716.785820 22.037695 46.662456 1025.981336 -176.333484

1637222717.090752 -11.479102 46.668167 971.177240 -176.471563

1637222717.251118 -11.271875 0.000000 1025.959795 -176.437153

1637222717.469584 -126.781250 47.175240 614.766010 -176.490428

1637222717.741829 -138.412891 45.007885 1025.979608 -176.319216

1637222718.020138 -138.412891 47.147236 1025.982274 700.998054

1637222718.199274 -128.073242 46.955692 924.074710 -176.585655

1637222718.378860 -11.463867 64.495648 1025.992399 -176.339207

1637222718.669407 -41.168555 46.143745 1026.006000 -176.424870

1637222718.922479 22.047852 45.461370 1025.990445 3989.487103

